South Korea, Period fertility rates by calendar year, age and birth order (Lexis squares, age in completed years (ACY))
Last modified: 21/01/2025
Year    Age        ASFR       ASFR1       ASFR2       ASFR3       ASFR4      ASFR5p
2000     12-    0.00000     0.00000     0.00000     0.00000     0.00000     0.00000
2000     13     0.00000     0.00000     0.00000     0.00000     0.00000     0.00000
2000     14     0.00003     0.00003     0.00000     0.00000     0.00000     0.00000
2000     15     0.00017     0.00017     0.00000     0.00000     0.00000     0.00000
2000     16     0.00061     0.00057     0.00003     0.00000     0.00000     0.00000
2000     17     0.00177     0.00162     0.00014     0.00001     0.00000     0.00000
2000     18     0.00318     0.00288     0.00028     0.00001     0.00000     0.00000
2000     19     0.00637     0.00562     0.00071     0.00004     0.00000     0.00000
2000     20     0.01195     0.01018     0.00169     0.00008     0.00000     0.00000
2000     21     0.01912     0.01540     0.00351     0.00020     0.00000     0.00000
2000     22     0.03236     0.02460     0.00732     0.00042     0.00002     0.00000
2000     23     0.04906     0.03637     0.01171     0.00091     0.00006     0.00001
2000     24     0.08563     0.05909     0.02427     0.00215     0.00011     0.00002
2000     25     0.10824     0.07375     0.03168     0.00264     0.00016     0.00001
2000     26     0.14373     0.09251     0.04690     0.00406     0.00022     0.00004
2000     27     0.16706     0.09682     0.06387     0.00602     0.00032     0.00004
2000     28     0.16999     0.08515     0.07587     0.00854     0.00041     0.00001
2000     29     0.16120     0.06515     0.08382     0.01158     0.00059     0.00006
2000     30     0.13167     0.04286     0.07426     0.01368     0.00079     0.00008
2000     31     0.10400     0.02813     0.05912     0.01566     0.00096     0.00013
2000     32     0.07740     0.01854     0.04192     0.01562     0.00115     0.00017
2000     33     0.05847     0.01354     0.02937     0.01411     0.00129     0.00017
2000     34     0.04361     0.01002     0.01965     0.01235     0.00136     0.00022
2000     35     0.03057     0.00724     0.01281     0.00917     0.00114     0.00021
2000     36     0.02290     0.00520     0.00933     0.00706     0.00106     0.00024
2000     37     0.01789     0.00453     0.00656     0.00565     0.00092     0.00023
2000     38     0.01103     0.00280     0.00415     0.00326     0.00062     0.00019
2000     39     0.00766     0.00219     0.00257     0.00220     0.00055     0.00015
2000     40     0.00531     0.00157     0.00177     0.00144     0.00039     0.00013
2000     41     0.00335     0.00108     0.00102     0.00091     0.00025     0.00009
2000     42     0.00225     0.00081     0.00062     0.00053     0.00018     0.00010
2000     43     0.00130     0.00050     0.00035     0.00029     0.00011     0.00005
2000     44     0.00081     0.00029     0.00023     0.00017     0.00008     0.00004
2000     45     0.00046     0.00018     0.00008     0.00011     0.00004     0.00003
2000     46     0.00027     0.00007     0.00005     0.00009     0.00003     0.00003
2000     47     0.00017     0.00008     0.00003     0.00001     0.00002     0.00002
2000     48     0.00012     0.00006     0.00002     0.00003     0.00000     0.00001
2000     49     0.00011     0.00003     0.00002     0.00002     0.00003     0.00001
2000     50     0.00013     0.00003     0.00002     0.00003     0.00002     0.00002
2000     51     0.00009     0.00002     0.00002     0.00003     0.00001     0.00001
2000     52     0.00004     0.00001     0.00001     0.00001     0.00000     0.00000
2000     53     0.00001     0.00000     0.00000     0.00000     0.00000     0.00000
2000     54     0.00000     0.00000     0.00000     0.00000     0.00000     0.00000
2000     55+    0.00000     0.00000     0.00000     0.00000     0.00000     0.00000
2001     12-    0.00000     0.00000     0.00000     0.00000     0.00000     0.00000
2001     13     0.00000     0.00000     0.00000     0.00000     0.00000     0.00000
2001     14     0.00002     0.00002     0.00000     0.00000     0.00000     0.00000
2001     15     0.00014     0.00014     0.00000     0.00000     0.00000     0.00000
2001     16     0.00058     0.00054     0.00003     0.00000     0.00000     0.00000
2001     17     0.00139     0.00129     0.00010     0.00000     0.00000     0.00000
2001     18     0.00280     0.00246     0.00033     0.00000     0.00000     0.00000
2001     19     0.00582     0.00509     0.00070     0.00002     0.00000     0.00000
2001     20     0.00945     0.00808     0.00130     0.00006     0.00001     0.00000
2001     21     0.01584     0.01273     0.00294     0.00016     0.00000     0.00000
2001     22     0.02559     0.01942     0.00571     0.00044     0.00002     0.00000
2001     23     0.04146     0.03047     0.01024     0.00071     0.00003     0.00000
2001     24     0.07008     0.04793     0.02011     0.00188     0.00011     0.00003
2001     25     0.09121     0.06201     0.02693     0.00217     0.00009     0.00001
2001     26     0.11865     0.07778     0.03752     0.00320     0.00012     0.00003
2001     27     0.14456     0.08632     0.05296     0.00501     0.00024     0.00003
2001     28     0.15125     0.07863     0.06552     0.00671     0.00035     0.00003
2001     29     0.14026     0.06053     0.07032     0.00886     0.00049     0.00006
2001     30     0.12310     0.04346     0.06786     0.01100     0.00070     0.00008
2001     31     0.09649     0.02901     0.05436     0.01227     0.00077     0.00008
2001     32     0.07447     0.01975     0.04054     0.01309     0.00095     0.00015
2001     33     0.05407     0.01364     0.02748     0.01178     0.00100     0.00016
2001     34     0.04029     0.00972     0.01917     0.01015     0.00110     0.00016
2001     35     0.03052     0.00770     0.01294     0.00857     0.00113     0.00018
2001     36     0.02150     0.00553     0.00851     0.00632     0.00096     0.00016
2001     37     0.01605     0.00420     0.00601     0.00489     0.00079     0.00016
2001     38     0.01220     0.00353     0.00420     0.00354     0.00074     0.00017
2001     39     0.00763     0.00226     0.00255     0.00220     0.00050     0.00012
2001     40     0.00505     0.00156     0.00166     0.00134     0.00036     0.00013
2001     41     0.00335     0.00112     0.00099     0.00092     0.00023     0.00009
2001     42     0.00203     0.00069     0.00058     0.00051     0.00019     0.00006
2001     43     0.00133     0.00051     0.00034     0.00033     0.00012     0.00004
2001     44     0.00067     0.00025     0.00016     0.00017     0.00006     0.00003
2001     45     0.00045     0.00016     0.00009     0.00012     0.00007     0.00001
2001     46     0.00028     0.00010     0.00005     0.00007     0.00004     0.00001
2001     47     0.00018     0.00007     0.00005     0.00002     0.00003     0.00001
2001     48     0.00011     0.00004     0.00002     0.00003     0.00001     0.00001
2001     49     0.00011     0.00003     0.00001     0.00004     0.00002     0.00001
2001     50     0.00012     0.00001     0.00001     0.00003     0.00003     0.00004
2001     51     0.00007     0.00001     0.00001     0.00001     0.00002     0.00002
2001     52     0.00003     0.00001     0.00001     0.00001     0.00000     0.00000
2001     53     0.00001     0.00000     0.00000     0.00000     0.00000     0.00000
2001     54     0.00000     0.00000     0.00000     0.00000     0.00000     0.00000
2001     55+    0.00000     0.00000     0.00000     0.00000     0.00000     0.00000
2002     12-    0.00000     0.00000     0.00000     0.00000     0.00000     0.00000
2002     13     0.00002     0.00002     0.00000     0.00000     0.00000     0.00000
2002     14     0.00016     0.00016     0.00000     0.00000     0.00000     0.00000
2002     15     0.00027     0.00027     0.00000     0.00000     0.00000     0.00000
2002     16     0.00070     0.00068     0.00002     0.00000     0.00000     0.00000
2002     17     0.00150     0.00141     0.00010     0.00000     0.00000     0.00000
2002     18     0.00353     0.00323     0.00029     0.00001     0.00000     0.00000
2002     19     0.00666     0.00594     0.00069     0.00003     0.00000     0.00000
2002     20     0.00868     0.00738     0.00121     0.00009     0.00000     0.00000
2002     21     0.01343     0.01075     0.00252     0.00015     0.00000     0.00000
2002     22     0.02155     0.01673     0.00455     0.00025     0.00003     0.00000
2002     23     0.03278     0.02439     0.00775     0.00061     0.00003     0.00000
2002     24     0.06142     0.04135     0.01796     0.00195     0.00015     0.00001
2002     25     0.07141     0.04955     0.02009     0.00166     0.00009     0.00002
2002     26     0.09886     0.06589     0.03020     0.00261     0.00013     0.00002
2002     27     0.12332     0.07740     0.04183     0.00388     0.00019     0.00002
2002     28     0.13277     0.07365     0.05327     0.00547     0.00034     0.00004
2002     29     0.12603     0.05903     0.05906     0.00750     0.00041     0.00004
2002     30     0.11408     0.04482     0.05950     0.00917     0.00053     0.00006
2002     31     0.09669     0.03227     0.05278     0.01089     0.00067     0.00008
2002     32     0.07317     0.02165     0.03954     0.01108     0.00081     0.00011
2002     33     0.05406     0.01461     0.02759     0.01085     0.00088     0.00013
2002     34     0.03820     0.00985     0.01813     0.00914     0.00092     0.00016
2002     35     0.02914     0.00765     0.01267     0.00770     0.00096     0.00015
2002     36     0.02174     0.00564     0.00887     0.00626     0.00084     0.00013
2002     37     0.01474     0.00387     0.00557     0.00436     0.00077     0.00018
2002     38     0.01085     0.00316     0.00383     0.00310     0.00062     0.00015
2002     39     0.00800     0.00239     0.00273     0.00226     0.00049     0.00013
2002     40     0.00488     0.00152     0.00154     0.00137     0.00035     0.00010
2002     41     0.00323     0.00111     0.00096     0.00083     0.00025     0.00008
2002     42     0.00201     0.00070     0.00057     0.00052     0.00016     0.00006
2002     43     0.00133     0.00052     0.00037     0.00030     0.00010     0.00004
2002     44     0.00085     0.00028     0.00022     0.00022     0.00008     0.00004
2002     45     0.00044     0.00021     0.00007     0.00010     0.00003     0.00004
2002     46     0.00030     0.00012     0.00006     0.00007     0.00004     0.00001
2002     47     0.00023     0.00011     0.00004     0.00005     0.00002     0.00001
2002     48     0.00014     0.00003     0.00003     0.00004     0.00003     0.00002
2002     49     0.00007     0.00002     0.00002     0.00002     0.00000     0.00000
2002     50     0.00009     0.00003     0.00002     0.00002     0.00001     0.00002
2002     51     0.00006     0.00002     0.00001     0.00001     0.00001     0.00001
2002     52     0.00003     0.00001     0.00001     0.00000     0.00000     0.00000
2002     53     0.00001     0.00000     0.00000     0.00000     0.00000     0.00000
2002     54     0.00000     0.00000     0.00000     0.00000     0.00000     0.00000
2002     55+    0.00000     0.00000     0.00000     0.00000     0.00000     0.00000
2003     12-    0.00000     0.00000     0.00000     0.00000     0.00000     0.00000
2003     13     0.00001     0.00001     0.00000     0.00000     0.00000     0.00000
2003     14     0.00015     0.00015     0.00000     0.00000     0.00000     0.00000
2003     15     0.00036     0.00036     0.00000     0.00000     0.00000     0.00000
2003     16     0.00097     0.00095     0.00002     0.00000     0.00000     0.00000
2003     17     0.00195     0.00180     0.00015     0.00000     0.00000     0.00000
2003     18     0.00345     0.00311     0.00032     0.00001     0.00000     0.00000
2003     19     0.00557     0.00497     0.00056     0.00004     0.00000     0.00000
2003     20     0.00803     0.00683     0.00112     0.00008     0.00000     0.00000
2003     21     0.01190     0.00975     0.00202     0.00012     0.00001     0.00000
2003     22     0.01810     0.01413     0.00373     0.00023     0.00001     0.00000
2003     23     0.02927     0.02182     0.00693     0.00048     0.00004     0.00000
2003     24     0.05317     0.03642     0.01500     0.00162     0.00012     0.00001
2003     25     0.06804     0.04795     0.01838     0.00159     0.00012     0.00000
2003     26     0.09236     0.06348     0.02648     0.00224     0.00016     0.00000
2003     27     0.12288     0.07938     0.03967     0.00362     0.00019     0.00002
2003     28     0.13782     0.08025     0.05194     0.00529     0.00030     0.00004
2003     29     0.13468     0.06739     0.06005     0.00678     0.00039     0.00006
2003     30     0.11934     0.04968     0.06062     0.00845     0.00054     0.00006
2003     31     0.10047     0.03535     0.05436     0.01003     0.00065     0.00008
2003     32     0.08124     0.02523     0.04428     0.01084     0.00078     0.00010
2003     33     0.05824     0.01686     0.03045     0.00994     0.00089     0.00010
2003     34     0.04197     0.01156     0.02005     0.00924     0.00094     0.00018
2003     35     0.02927     0.00793     0.01308     0.00722     0.00089     0.00015
2003     36     0.02175     0.00609     0.00881     0.00585     0.00083     0.00017
2003     37     0.01622     0.00448     0.00635     0.00453     0.00067     0.00019
2003     38     0.01100     0.00315     0.00394     0.00317     0.00059     0.00015
2003     39     0.00796     0.00241     0.00274     0.00223     0.00044     0.00014
2003     40     0.00567     0.00181     0.00181     0.00163     0.00033     0.00009
2003     41     0.00319     0.00108     0.00098     0.00085     0.00020     0.00008
2003     42     0.00217     0.00076     0.00062     0.00059     0.00014     0.00007
2003     43     0.00125     0.00046     0.00034     0.00031     0.00009     0.00005
2003     44     0.00080     0.00033     0.00020     0.00015     0.00009     0.00003
2003     45     0.00045     0.00017     0.00012     0.00010     0.00004     0.00002
2003     46     0.00029     0.00012     0.00006     0.00007     0.00003     0.00001
2003     47     0.00020     0.00008     0.00004     0.00004     0.00002     0.00001
2003     48     0.00016     0.00006     0.00002     0.00004     0.00003     0.00001
2003     49     0.00009     0.00004     0.00000     0.00001     0.00001     0.00001
2003     50     0.00011     0.00003     0.00002     0.00003     0.00002     0.00001
2003     51     0.00008     0.00002     0.00002     0.00003     0.00001     0.00000
2003     52     0.00003     0.00001     0.00001     0.00001     0.00000     0.00000
2003     53     0.00001     0.00000     0.00000     0.00000     0.00000     0.00000
2003     54     0.00000     0.00000     0.00000     0.00000     0.00000     0.00000
2003     55+    0.00000     0.00000     0.00000     0.00000     0.00000     0.00000
2004     12-    0.00000     0.00000     0.00000     0.00000     0.00000     0.00000
2004     13     0.00001     0.00001     0.00000     0.00000     0.00000     0.00000
2004     14     0.00008     0.00008     0.00000     0.00000     0.00000     0.00000
2004     15     0.00022     0.00022     0.00000     0.00000     0.00000     0.00000
2004     16     0.00066     0.00063     0.00003     0.00000     0.00000     0.00000
2004     17     0.00152     0.00142     0.00009     0.00000     0.00000     0.00000
2004     18     0.00327     0.00298     0.00027     0.00002     0.00000     0.00000
2004     19     0.00597     0.00546     0.00046     0.00005     0.00000     0.00000
2004     20     0.00693     0.00593     0.00096     0.00004     0.00000     0.00000
2004     21     0.01126     0.00922     0.00191     0.00012     0.00001     0.00000
2004     22     0.01651     0.01295     0.00327     0.00027     0.00002     0.00000
2004     23     0.02532     0.01915     0.00566     0.00049     0.00003     0.00000
2004     24     0.04051     0.03002     0.00957     0.00087     0.00004     0.00000
2004     25     0.05925     0.04281     0.01498     0.00137     0.00008     0.00001
2004     26     0.08805     0.06235     0.02307     0.00244     0.00018     0.00001
2004     27     0.11257     0.07579     0.03317     0.00337     0.00022     0.00002
2004     28     0.13015     0.07995     0.04499     0.00494     0.00025     0.00003
2004     29     0.13335     0.07153     0.05465     0.00680     0.00032     0.00005
2004     30     0.12344     0.05642     0.05833     0.00819     0.00044     0.00006
2004     31     0.10485     0.04059     0.05397     0.00958     0.00062     0.00010
2004     32     0.08395     0.02864     0.04422     0.01027     0.00072     0.00010
2004     33     0.06454     0.01990     0.03328     0.01036     0.00090     0.00011
2004     34     0.04563     0.01353     0.02223     0.00887     0.00086     0.00014
2004     35     0.03244     0.00908     0.01460     0.00770     0.00093     0.00014
2004     36     0.02273     0.00628     0.00947     0.00595     0.00086     0.00016
2004     37     0.01617     0.00456     0.00613     0.00449     0.00080     0.00018
2004     38     0.01180     0.00344     0.00416     0.00342     0.00065     0.00014
2004     39     0.00795     0.00248     0.00267     0.00217     0.00052     0.00011
2004     40     0.00537     0.00173     0.00168     0.00148     0.00038     0.00010
2004     41     0.00367     0.00123     0.00112     0.00098     0.00025     0.00009
2004     42     0.00219     0.00072     0.00057     0.00062     0.00020     0.00008
2004     43     0.00128     0.00042     0.00036     0.00036     0.00009     0.00006
2004     44     0.00077     0.00027     0.00019     0.00020     0.00007     0.00003
2004     45     0.00042     0.00019     0.00009     0.00009     0.00003     0.00002
2004     46     0.00029     0.00013     0.00007     0.00006     0.00003     0.00001
2004     47     0.00019     0.00008     0.00003     0.00005     0.00001     0.00001
2004     48     0.00014     0.00006     0.00002     0.00003     0.00001     0.00001
2004     49     0.00010     0.00007     0.00001     0.00001     0.00000     0.00001
2004     50     0.00008     0.00002     0.00001     0.00003     0.00001     0.00001
2004     51     0.00005     0.00001     0.00001     0.00002     0.00001     0.00000
2004     52     0.00002     0.00000     0.00000     0.00001     0.00000     0.00000
2004     53     0.00001     0.00000     0.00000     0.00000     0.00000     0.00000
2004     54     0.00000     0.00000     0.00000     0.00000     0.00000     0.00000
2004     55+    0.00000     0.00000     0.00000     0.00000     0.00000     0.00000
2005     12-    0.00000     0.00000     0.00000     0.00000     0.00000     0.00000
2005     13     0.00001     0.00001     0.00000     0.00000     0.00000     0.00000
2005     14     0.00007     0.00007     0.00000     0.00000     0.00000     0.00000
2005     15     0.00018     0.00018     0.00000     0.00000     0.00000     0.00000
2005     16     0.00055     0.00053     0.00002     0.00000     0.00000     0.00000
2005     17     0.00129     0.00122     0.00007     0.00000     0.00000     0.00000
2005     18     0.00290     0.00267     0.00023     0.00000     0.00000     0.00000
2005     19     0.00577     0.00526     0.00049     0.00002     0.00000     0.00000
2005     20     0.00681     0.00591     0.00086     0.00004     0.00000     0.00000
2005     21     0.00983     0.00803     0.00165     0.00014     0.00001     0.00000
2005     22     0.01453     0.01148     0.00281     0.00022     0.00001     0.00000
2005     23     0.02218     0.01693     0.00480     0.00042     0.00002     0.00000
2005     24     0.03198     0.02376     0.00749     0.00068     0.00003     0.00000
2005     25     0.05035     0.03618     0.01270     0.00137     0.00009     0.00001
2005     26     0.07238     0.05203     0.01834     0.00186     0.00013     0.00001
2005     27     0.10161     0.07033     0.02815     0.00293     0.00017     0.00003
2005     28     0.11809     0.07536     0.03843     0.00404     0.00023     0.00003
2005     29     0.12277     0.06838     0.04816     0.00578     0.00042     0.00003
2005     30     0.11645     0.05670     0.05180     0.00739     0.00051     0.00005
2005     31     0.10245     0.04220     0.05086     0.00879     0.00055     0.00005
2005     32     0.08409     0.03034     0.04330     0.00967     0.00071     0.00008
2005     33     0.06460     0.02118     0.03338     0.00925     0.00069     0.00009
2005     34     0.04849     0.01494     0.02381     0.00879     0.00080     0.00015
2005     35     0.03397     0.01017     0.01545     0.00732     0.00085     0.00017
2005     36     0.02344     0.00669     0.00996     0.00574     0.00089     0.00017
2005     37     0.01648     0.00459     0.00649     0.00451     0.00077     0.00012
2005     38     0.01120     0.00333     0.00402     0.00301     0.00071     0.00014
2005     39     0.00802     0.00236     0.00277     0.00232     0.00048     0.00009
2005     40     0.00522     0.00166     0.00167     0.00142     0.00037     0.00011
2005     41     0.00352     0.00113     0.00098     0.00104     0.00027     0.00010
2005     42     0.00238     0.00079     0.00062     0.00070     0.00022     0.00005
2005     43     0.00117     0.00044     0.00029     0.00032     0.00009     0.00004
2005     44     0.00077     0.00028     0.00019     0.00020     0.00006     0.00004
2005     45     0.00041     0.00017     0.00008     0.00012     0.00003     0.00001
2005     46     0.00026     0.00009     0.00005     0.00008     0.00002     0.00003
2005     47     0.00015     0.00004     0.00003     0.00006     0.00001     0.00002
2005     48     0.00011     0.00005     0.00001     0.00002     0.00002     0.00000
2005     49     0.00008     0.00003     0.00001     0.00002     0.00000     0.00000
2005     50     0.00011     0.00004     0.00002     0.00003     0.00002     0.00001
2005     51     0.00008     0.00003     0.00002     0.00002     0.00002     0.00001
2005     52     0.00003     0.00001     0.00001     0.00001     0.00000     0.00000
2005     53     0.00001     0.00001     0.00000     0.00000     0.00000     0.00000
2005     54     0.00000     0.00000     0.00000     0.00000     0.00000     0.00000
2005     55+    0.00000     0.00000     0.00000     0.00000     0.00000     0.00000
2006     12-    0.00000     0.00000     0.00000     0.00000     0.00000     0.00000
2006     13     0.00001     0.00001     0.00000     0.00000     0.00000     0.00000
2006     14     0.00009     0.00009     0.00000     0.00000     0.00000     0.00000
2006     15     0.00018     0.00016     0.00002     0.00000     0.00000     0.00000
2006     16     0.00044     0.00044     0.00001     0.00000     0.00000     0.00000
2006     17     0.00130     0.00124     0.00005     0.00000     0.00000     0.00000
2006     18     0.00302     0.00279     0.00023     0.00000     0.00000     0.00000
2006     19     0.00627     0.00589     0.00037     0.00002     0.00000     0.00000
2006     20     0.00773     0.00679     0.00088     0.00006     0.00000     0.00000
2006     21     0.01071     0.00902     0.00158     0.00010     0.00001     0.00000
2006     22     0.01467     0.01187     0.00257     0.00022     0.00001     0.00000
2006     23     0.02090     0.01605     0.00445     0.00037     0.00002     0.00000
2006     24     0.03078     0.02298     0.00709     0.00068     0.00003     0.00000
2006     25     0.04397     0.03226     0.01064     0.00098     0.00009     0.00001
2006     26     0.06956     0.05011     0.01741     0.00192     0.00011     0.00001
2006     27     0.09578     0.06715     0.02561     0.00281     0.00019     0.00002
2006     28     0.12070     0.07841     0.03777     0.00420     0.00028     0.00004
2006     29     0.12561     0.07316     0.04664     0.00542     0.00034     0.00005
2006     30     0.12625     0.06313     0.05492     0.00766     0.00050     0.00004
2006     31     0.11224     0.04823     0.05474     0.00862     0.00060     0.00005
2006     32     0.09421     0.03553     0.04812     0.00979     0.00069     0.00008
2006     33     0.07166     0.02450     0.03682     0.00942     0.00079     0.00013
2006     34     0.05406     0.01704     0.02680     0.00915     0.00093     0.00013
2006     35     0.03964     0.01184     0.01859     0.00818     0.00091     0.00012
2006     36     0.02706     0.00796     0.01186     0.00628     0.00082     0.00014
2006     37     0.01869     0.00524     0.00775     0.00472     0.00079     0.00019
2006     38     0.01256     0.00361     0.00471     0.00346     0.00064     0.00013
2006     39     0.00845     0.00246     0.00288     0.00237     0.00057     0.00016
2006     40     0.00590     0.00183     0.00186     0.00166     0.00043     0.00012
2006     41     0.00342     0.00109     0.00099     0.00102     0.00023     0.00009
2006     42     0.00225     0.00076     0.00062     0.00062     0.00018     0.00007
2006     43     0.00132     0.00043     0.00031     0.00042     0.00011     0.00005
2006     44     0.00066     0.00025     0.00019     0.00015     0.00006     0.00001
2006     45     0.00038     0.00015     0.00008     0.00009     0.00005     0.00002
2006     46     0.00025     0.00008     0.00005     0.00008     0.00003     0.00002
2006     47     0.00016     0.00006     0.00005     0.00004     0.00000     0.00001
2006     48     0.00007     0.00003     0.00001     0.00001     0.00001     0.00001
2006     49     0.00004     0.00002     0.00000     0.00001     0.00000     0.00000
2006     50     0.00005     0.00002     0.00001     0.00002     0.00000     0.00001
2006     51     0.00004     0.00001     0.00001     0.00001     0.00000     0.00000
2006     52     0.00002     0.00001     0.00001     0.00000     0.00000     0.00000
2006     53     0.00001     0.00000     0.00000     0.00000     0.00000     0.00000
2006     54     0.00000     0.00000     0.00000     0.00000     0.00000     0.00000
2006     55+    0.00000     0.00000     0.00000     0.00000     0.00000     0.00000
2007     12-    0.00000     0.00000     0.00000     0.00000     0.00000     0.00000
2007     13     0.00000     0.00000     0.00000     0.00000     0.00000     0.00000
2007     14     0.00001     0.00001     0.00000     0.00000     0.00000     0.00000
2007     15     0.00005     0.00005     0.00000     0.00000     0.00000     0.00000
2007     16     0.00038     0.00036     0.00002     0.00000     0.00000     0.00000
2007     17     0.00099     0.00096     0.00003     0.00000     0.00000     0.00000
2007     18     0.00254     0.00239     0.00015     0.00000     0.00000     0.00000
2007     19     0.00802     0.00767     0.00035     0.00000     0.00000     0.00000
2007     20     0.00982     0.00874     0.00100     0.00008     0.00000     0.00000
2007     21     0.01308     0.01102     0.00191     0.00015     0.00001     0.00000
2007     22     0.01678     0.01351     0.00296     0.00030     0.00001     0.00000
2007     23     0.02277     0.01789     0.00446     0.00040     0.00002     0.00000
2007     24     0.03267     0.02494     0.00693     0.00076     0.00003     0.00000
2007     25     0.04703     0.03484     0.01098     0.00114     0.00006     0.00001
2007     26     0.06856     0.05025     0.01635     0.00180     0.00013     0.00002
2007     27     0.10247     0.07369     0.02557     0.00301     0.00017     0.00002
2007     28     0.12695     0.08605     0.03646     0.00420     0.00023     0.00001
2007     29     0.14029     0.08482     0.04887     0.00619     0.00038     0.00003
2007     30     0.13422     0.07123     0.05492     0.00746     0.00055     0.00006
2007     31     0.12568     0.05705     0.05842     0.00943     0.00071     0.00007
2007     32     0.10808     0.04284     0.05358     0.01079     0.00076     0.00011
2007     33     0.08605     0.03050     0.04358     0.01099     0.00086     0.00012
2007     34     0.06467     0.02161     0.03192     0.01010     0.00089     0.00014
2007     35     0.04726     0.01489     0.02233     0.00889     0.00099     0.00015
2007     36     0.03457     0.01072     0.01492     0.00780     0.00097     0.00015
2007     37     0.02293     0.00704     0.00940     0.00541     0.00089     0.00019
2007     38     0.01540     0.00481     0.00572     0.00397     0.00075     0.00015
2007     39     0.00971     0.00313     0.00335     0.00260     0.00048     0.00015
2007     40     0.00650     0.00209     0.00211     0.00180     0.00037     0.00012
2007     41     0.00445     0.00142     0.00133     0.00127     0.00033     0.00010
2007     42     0.00248     0.00086     0.00068     0.00064     0.00022     0.00009
2007     43     0.00139     0.00047     0.00037     0.00039     0.00012     0.00004
2007     44     0.00085     0.00027     0.00021     0.00025     0.00008     0.00003
2007     45     0.00036     0.00014     0.00009     0.00008     0.00004     0.00001
2007     46     0.00022     0.00009     0.00005     0.00006     0.00001     0.00001
2007     47     0.00012     0.00005     0.00003     0.00002     0.00001     0.00000
2007     48     0.00010     0.00003     0.00002     0.00003     0.00001     0.00000
2007     49     0.00009     0.00004     0.00003     0.00002     0.00001     0.00000
2007     50     0.00007     0.00002     0.00002     0.00002     0.00001     0.00000
2007     51     0.00004     0.00001     0.00001     0.00001     0.00000     0.00000
2007     52     0.00002     0.00001     0.00000     0.00001     0.00000     0.00000
2007     53     0.00001     0.00000     0.00000     0.00000     0.00000     0.00000
2007     54     0.00000     0.00000     0.00000     0.00000     0.00000     0.00000
2007     55+    0.00000     0.00000     0.00000     0.00000     0.00000     0.00000
2008     12-    0.00000     0.00000     0.00000     0.00000     0.00000     0.00000
2008     13     0.00002     0.00002     0.00000     0.00000     0.00000     0.00000
2008     14     0.00012     0.00012     0.00000     0.00000     0.00000     0.00000
2008     15     0.00021     0.00021     0.00000     0.00000     0.00000     0.00000
2008     16     0.00046     0.00046     0.00000     0.00000     0.00000     0.00000
2008     17     0.00094     0.00090     0.00004     0.00000     0.00000     0.00000
2008     18     0.00186     0.00174     0.00012     0.00000     0.00000     0.00000
2008     19     0.00559     0.00529     0.00029     0.00001     0.00000     0.00000
2008     20     0.00959     0.00855     0.00096     0.00007     0.00000     0.00000
2008     21     0.01267     0.01040     0.00216     0.00009     0.00001     0.00000
2008     22     0.01658     0.01310     0.00317     0.00029     0.00002     0.00000
2008     23     0.02127     0.01635     0.00451     0.00039     0.00001     0.00000
2008     24     0.02946     0.02191     0.00690     0.00061     0.00004     0.00000
2008     25     0.04166     0.03056     0.00996     0.00105     0.00009     0.00000
2008     26     0.06023     0.04395     0.01445     0.00167     0.00014     0.00002
2008     27     0.08435     0.06037     0.02130     0.00251     0.00015     0.00002
2008     28     0.11346     0.07679     0.03265     0.00374     0.00026     0.00003
2008     29     0.12671     0.07698     0.04396     0.00535     0.00037     0.00006
2008     30     0.13320     0.07175     0.05369     0.00718     0.00049     0.00009
2008     31     0.12340     0.05595     0.05762     0.00908     0.00066     0.00010
2008     32     0.10701     0.04241     0.05335     0.01046     0.00072     0.00007
2008     33     0.08596     0.03019     0.04397     0.01081     0.00089     0.00011
2008     34     0.06579     0.02142     0.03343     0.00990     0.00090     0.00014
2008     35     0.04805     0.01464     0.02338     0.00894     0.00095     0.00013
2008     36     0.03438     0.01025     0.01589     0.00718     0.00091     0.00015
2008     37     0.02452     0.00734     0.01044     0.00573     0.00085     0.00016
2008     38     0.01631     0.00483     0.00659     0.00396     0.00075     0.00019
2008     39     0.01053     0.00304     0.00385     0.00289     0.00059     0.00016
2008     40     0.00676     0.00209     0.00228     0.00180     0.00046     0.00014
2008     41     0.00413     0.00117     0.00131     0.00124     0.00030     0.00011
2008     42     0.00240     0.00074     0.00069     0.00070     0.00021     0.00005
2008     43     0.00136     0.00045     0.00042     0.00032     0.00013     0.00003
2008     44     0.00080     0.00027     0.00018     0.00023     0.00009     0.00003
2008     45     0.00043     0.00016     0.00009     0.00012     0.00003     0.00003
2008     46     0.00012     0.00005     0.00002     0.00003     0.00001     0.00001
2008     47     0.00010     0.00004     0.00001     0.00003     0.00000     0.00001
2008     48     0.00008     0.00003     0.00001     0.00001     0.00002     0.00001
2008     49     0.00006     0.00002     0.00000     0.00003     0.00000     0.00000
2008     50     0.00004     0.00001     0.00000     0.00001     0.00000     0.00001
2008     51     0.00003     0.00001     0.00000     0.00001     0.00000     0.00001
2008     52     0.00001     0.00001     0.00000     0.00000     0.00000     0.00000
2008     53     0.00001     0.00000     0.00000     0.00000     0.00000     0.00000
2008     54     0.00000     0.00000     0.00000     0.00000     0.00000     0.00000
2008     55+    0.00000     0.00000     0.00000     0.00000     0.00000     0.00000
2009     12-    0.00000     0.00000     0.00000     0.00000     0.00000     0.00000
2009     13     0.00001     0.00001     0.00000     0.00000     0.00000     0.00000
2009     14     0.00007     0.00007     0.00000     0.00000     0.00000     0.00000
2009     15     0.00022     0.00022     0.00000     0.00000     0.00000     0.00000
2009     16     0.00046     0.00045     0.00001     0.00000     0.00000     0.00000
2009     17     0.00094     0.00090     0.00004     0.00000     0.00000     0.00000
2009     18     0.00178     0.00166     0.00012     0.00000     0.00000     0.00000
2009     19     0.00564     0.00531     0.00033     0.00001     0.00000     0.00000
2009     20     0.00845     0.00746     0.00094     0.00005     0.00000     0.00000
2009     21     0.01239     0.00977     0.00252     0.00011     0.00000     0.00000
2009     22     0.01494     0.01130     0.00342     0.00020     0.00001     0.00000
2009     23     0.01998     0.01473     0.00482     0.00042     0.00001     0.00000
2009     24     0.02677     0.01951     0.00661     0.00062     0.00003     0.00000
2009     25     0.03713     0.02669     0.00941     0.00095     0.00008     0.00000
2009     26     0.05438     0.03917     0.01353     0.00154     0.00011     0.00002
2009     27     0.07821     0.05521     0.02045     0.00234     0.00018     0.00002
2009     28     0.10023     0.06754     0.02905     0.00331     0.00030     0.00004
2009     29     0.12130     0.07454     0.04132     0.00503     0.00036     0.00004
2009     30     0.12638     0.06900     0.05019     0.00663     0.00049     0.00006
2009     31     0.12139     0.05699     0.05517     0.00848     0.00066     0.00008
2009     32     0.10664     0.04432     0.05210     0.00936     0.00076     0.00010
2009     33     0.08622     0.03127     0.04386     0.01006     0.00090     0.00012
2009     34     0.06744     0.02256     0.03400     0.00972     0.00100     0.00016
2009     35     0.04972     0.01568     0.02441     0.00852     0.00093     0.00019
2009     36     0.03520     0.01076     0.01650     0.00683     0.00089     0.00021
2009     37     0.02486     0.00759     0.01099     0.00533     0.00080     0.00015
2009     38     0.01727     0.00515     0.00705     0.00414     0.00074     0.00019
2009     39     0.01116     0.00339     0.00425     0.00274     0.00061     0.00017
2009     40     0.00732     0.00219     0.00256     0.00197     0.00046     0.00014
2009     41     0.00443     0.00127     0.00138     0.00130     0.00036     0.00012
2009     42     0.00263     0.00090     0.00075     0.00068     0.00021     0.00007
2009     43     0.00149     0.00045     0.00041     0.00044     0.00013     0.00006
2009     44     0.00079     0.00027     0.00018     0.00023     0.00007     0.00004
2009     45     0.00040     0.00016     0.00010     0.00010     0.00002     0.00002
2009     46     0.00021     0.00008     0.00004     0.00006     0.00002     0.00001
2009     47     0.00009     0.00004     0.00001     0.00002     0.00002     0.00000
2009     48     0.00006     0.00002     0.00001     0.00002     0.00001     0.00000
2009     49     0.00004     0.00001     0.00002     0.00001     0.00000     0.00000
2009     50     0.00003     0.00001     0.00001     0.00001     0.00001     0.00001
2009     51     0.00002     0.00001     0.00000     0.00000     0.00000     0.00000
2009     52     0.00001     0.00000     0.00000     0.00000     0.00000     0.00000
2009     53     0.00000     0.00000     0.00000     0.00000     0.00000     0.00000
2009     54     0.00000     0.00000     0.00000     0.00000     0.00000     0.00000
2009     55+    0.00000     0.00000     0.00000     0.00000     0.00000     0.00000
2010     12-    0.00000     0.00000     0.00000     0.00000     0.00000     0.00000
2010     13     0.00001     0.00001     0.00000     0.00000     0.00000     0.00000
2010     14     0.00009     0.00009     0.00000     0.00000     0.00000     0.00000
2010     15     0.00028     0.00028     0.00000     0.00000     0.00000     0.00000
2010     16     0.00057     0.00056     0.00001     0.00000     0.00000     0.00000
2010     17     0.00105     0.00101     0.00004     0.00000     0.00000     0.00000
2010     18     0.00179     0.00168     0.00011     0.00000     0.00000     0.00000
2010     19     0.00540     0.00511     0.00029     0.00000     0.00000     0.00000
2010     20     0.00809     0.00721     0.00083     0.00006     0.00000     0.00000
2010     21     0.01129     0.00898     0.00219     0.00012     0.00000     0.00000
2010     22     0.01539     0.01151     0.00360     0.00027     0.00000     0.00000
2010     23     0.02013     0.01447     0.00512     0.00051     0.00002     0.00000
2010     24     0.02731     0.01943     0.00710     0.00071     0.00006     0.00001
2010     25     0.03685     0.02585     0.00967     0.00118     0.00013     0.00002
2010     26     0.05340     0.03744     0.01413     0.00169     0.00012     0.00002
2010     27     0.07600     0.05316     0.02007     0.00254     0.00021     0.00002
2010     28     0.10003     0.06691     0.02909     0.00369     0.00027     0.00008
2010     29     0.11595     0.07088     0.03929     0.00534     0.00039     0.00004
2010     30     0.13400     0.07310     0.05249     0.00779     0.00055     0.00007
2010     31     0.13293     0.06352     0.05866     0.00988     0.00073     0.00014
2010     32     0.11966     0.04891     0.05787     0.01174     0.00096     0.00017
2010     33     0.09775     0.03553     0.04894     0.01204     0.00105     0.00019
2010     34     0.07762     0.02565     0.03881     0.01172     0.00125     0.00019
2010     35     0.05963     0.01830     0.02911     0.01065     0.00136     0.00022
2010     36     0.04296     0.01275     0.01980     0.00896     0.00122     0.00022
2010     37     0.02929     0.00840     0.01279     0.00687     0.00103     0.00019
2010     38     0.02066     0.00597     0.00861     0.00497     0.00088     0.00023
2010     39     0.01402     0.00399     0.00550     0.00366     0.00072     0.00015
2010     40     0.00888     0.00261     0.00312     0.00241     0.00059     0.00016
2010     41     0.00532     0.00151     0.00173     0.00154     0.00038     0.00015
2010     42     0.00302     0.00088     0.00093     0.00086     0.00028     0.00008
2010     43     0.00169     0.00054     0.00046     0.00045     0.00018     0.00006
2010     44     0.00095     0.00028     0.00026     0.00028     0.00008     0.00005
2010     45     0.00048     0.00016     0.00012     0.00015     0.00004     0.00002
2010     46     0.00021     0.00010     0.00003     0.00006     0.00001     0.00001
2010     47     0.00015     0.00007     0.00003     0.00004     0.00000     0.00000
2010     48     0.00006     0.00003     0.00000     0.00002     0.00000     0.00000
2010     49     0.00004     0.00002     0.00001     0.00001     0.00000     0.00000
2010     50     0.00006     0.00002     0.00001     0.00003     0.00001     0.00000
2010     51     0.00005     0.00001     0.00001     0.00002     0.00001     0.00000
2010     52     0.00002     0.00001     0.00001     0.00001     0.00000     0.00000
2010     53     0.00001     0.00000     0.00000     0.00000     0.00000     0.00000
2010     54     0.00000     0.00000     0.00000     0.00000     0.00000     0.00000
2010     55+    0.00000     0.00000     0.00000     0.00000     0.00000     0.00000
2011     12-    0.00000     0.00000     0.00000     0.00000     0.00000     0.00000
2011     13     0.00001     0.00001     0.00000     0.00000     0.00000     0.00000
2011     14     0.00005     0.00005     0.00000     0.00000     0.00000     0.00000
2011     15     0.00019     0.00019     0.00000     0.00000     0.00000     0.00000
2011     16     0.00050     0.00049     0.00002     0.00000     0.00000     0.00000
2011     17     0.00099     0.00095     0.00005     0.00000     0.00000     0.00000
2011     18     0.00196     0.00181     0.00014     0.00001     0.00000     0.00000
2011     19     0.00525     0.00498     0.00026     0.00001     0.00000     0.00000
2011     20     0.00827     0.00739     0.00085     0.00003     0.00000     0.00000
2011     21     0.01199     0.00966     0.00221     0.00011     0.00001     0.00000
2011     22     0.01482     0.01135     0.00324     0.00022     0.00001     0.00000
2011     23     0.02072     0.01492     0.00523     0.00056     0.00001     0.00001
2011     24     0.02716     0.01947     0.00678     0.00085     0.00006     0.00000
2011     25     0.03694     0.02619     0.00935     0.00129     0.00009     0.00001
2011     26     0.05120     0.03649     0.01279     0.00177     0.00013     0.00003
2011     27     0.07459     0.05280     0.01886     0.00269     0.00020     0.00004
2011     28     0.09767     0.06673     0.02677     0.00384     0.00030     0.00003
2011     29     0.11612     0.07303     0.03703     0.00559     0.00041     0.00006
2011     30     0.12392     0.07045     0.04589     0.00695     0.00057     0.00006
2011     31     0.13283     0.06496     0.05676     0.01019     0.00080     0.00012
2011     32     0.12269     0.05269     0.05697     0.01194     0.00096     0.00014
2011     33     0.10541     0.03938     0.05153     0.01322     0.00112     0.00016
2011     34     0.08214     0.02767     0.04073     0.01241     0.00116     0.00017
2011     35     0.06410     0.01996     0.03097     0.01169     0.00122     0.00026
2011     36     0.04697     0.01418     0.02195     0.00935     0.00128     0.00021
2011     37     0.03327     0.00982     0.01467     0.00742     0.00114     0.00022
2011     38     0.02268     0.00665     0.00934     0.00553     0.00094     0.00021
2011     39     0.01516     0.00458     0.00595     0.00366     0.00077     0.00021
2011     40     0.01018     0.00309     0.00377     0.00257     0.00059     0.00016
2011     41     0.00615     0.00187     0.00204     0.00167     0.00045     0.00012
2011     42     0.00345     0.00105     0.00103     0.00095     0.00033     0.00010
2011     43     0.00177     0.00055     0.00050     0.00051     0.00016     0.00006
2011     44     0.00094     0.00030     0.00023     0.00025     0.00013     0.00003
2011     45     0.00049     0.00019     0.00010     0.00013     0.00006     0.00002
2011     46     0.00028     0.00011     0.00006     0.00006     0.00004     0.00001
2011     47     0.00014     0.00005     0.00003     0.00003     0.00001     0.00002
2011     48     0.00010     0.00004     0.00002     0.00004     0.00001     0.00000
2011     49     0.00007     0.00003     0.00002     0.00002     0.00001     0.00000
2011     50     0.00007     0.00001     0.00001     0.00003     0.00001     0.00001
2011     51     0.00005     0.00001     0.00001     0.00002     0.00001     0.00001
2011     52     0.00002     0.00000     0.00000     0.00001     0.00000     0.00000
2011     53     0.00001     0.00000     0.00000     0.00000     0.00000     0.00000
2011     54     0.00000     0.00000     0.00000     0.00000     0.00000     0.00000
2011     55+    0.00000     0.00000     0.00000     0.00000     0.00000     0.00000
2012     12-    0.00000     0.00000     0.00000     0.00000     0.00000     0.00000
2012     13     0.00001     0.00001     0.00000     0.00000     0.00000     0.00000
2012     14     0.00008     0.00008     0.00000     0.00000     0.00000     0.00000
2012     15     0.00023     0.00022     0.00001     0.00000     0.00000     0.00000
2012     16     0.00055     0.00054     0.00001     0.00000     0.00000     0.00000
2012     17     0.00114     0.00110     0.00004     0.00000     0.00000     0.00000
2012     18     0.00203     0.00190     0.00013     0.00000     0.00000     0.00000
2012     19     0.00479     0.00443     0.00034     0.00002     0.00000     0.00000
2012     20     0.00763     0.00676     0.00083     0.00004     0.00000     0.00000
2012     21     0.01105     0.00870     0.00223     0.00012     0.00000     0.00000
2012     22     0.01561     0.01165     0.00368     0.00028     0.00001     0.00000
2012     23     0.01995     0.01438     0.00504     0.00051     0.00002     0.00000
2012     24     0.02744     0.01943     0.00714     0.00083     0.00004     0.00001
2012     25     0.03692     0.02607     0.00947     0.00125     0.00012     0.00001
2012     26     0.05166     0.03666     0.01295     0.00186     0.00016     0.00003
2012     27     0.07306     0.05194     0.01821     0.00262     0.00023     0.00005
2012     28     0.09701     0.06669     0.02595     0.00400     0.00033     0.00004
2012     29     0.11686     0.07531     0.03599     0.00512     0.00040     0.00004
2012     30     0.13375     0.07804     0.04797     0.00706     0.00056     0.00012
2012     31     0.13377     0.06969     0.05416     0.00908     0.00075     0.00010
2012     32     0.13008     0.05832     0.05922     0.01141     0.00099     0.00014
2012     33     0.11212     0.04463     0.05350     0.01260     0.00119     0.00020
2012     34     0.09243     0.03283     0.04558     0.01253     0.00124     0.00025
2012     35     0.06999     0.02276     0.03421     0.01155     0.00122     0.00025
2012     36     0.05169     0.01601     0.02437     0.00977     0.00133     0.00022
2012     37     0.03639     0.01103     0.01654     0.00745     0.00116     0.00021
2012     38     0.02560     0.00786     0.01090     0.00563     0.00094     0.00027
2012     39     0.01659     0.00526     0.00660     0.00376     0.00080     0.00018
2012     40     0.01108     0.00347     0.00417     0.00264     0.00063     0.00016
2012     41     0.00682     0.00208     0.00240     0.00172     0.00047     0.00015
2012     42     0.00387     0.00120     0.00125     0.00100     0.00031     0.00012
2012     43     0.00202     0.00068     0.00052     0.00055     0.00018     0.00008
2012     44     0.00092     0.00029     0.00025     0.00027     0.00007     0.00004
2012     45     0.00054     0.00015     0.00014     0.00015     0.00006     0.00003
2012     46     0.00023     0.00009     0.00004     0.00006     0.00003     0.00001
2012     47     0.00007     0.00002     0.00002     0.00002     0.00001     0.00001
2012     48     0.00006     0.00003     0.00002     0.00001     0.00001     0.00000
2012     49     0.00006     0.00002     0.00000     0.00002     0.00000     0.00000
2012     50     0.00005     0.00002     0.00000     0.00002     0.00001     0.00001
2012     51     0.00003     0.00001     0.00001     0.00001     0.00001     0.00000
2012     52     0.00002     0.00001     0.00000     0.00000     0.00000     0.00000
2012     53     0.00001     0.00000     0.00000     0.00000     0.00000     0.00000
2012     54     0.00000     0.00000     0.00000     0.00000     0.00000     0.00000
2012     55+    0.00000     0.00000     0.00000     0.00000     0.00000     0.00000
2013     12-    0.00000     0.00000     0.00000     0.00000     0.00000     0.00000
2013     13     0.00001     0.00000     0.00000     0.00000     0.00000     0.00000
2013     14     0.00006     0.00006     0.00000     0.00000     0.00000     0.00000
2013     15     0.00024     0.00024     0.00000     0.00000     0.00000     0.00000
2013     16     0.00065     0.00063     0.00002     0.00000     0.00000     0.00000
2013     17     0.00112     0.00107     0.00005     0.00000     0.00000     0.00000
2013     18     0.00200     0.00183     0.00017     0.00001     0.00000     0.00000
2013     19     0.00455     0.00421     0.00031     0.00002     0.00000     0.00000
2013     20     0.00718     0.00629     0.00085     0.00004     0.00000     0.00000
2013     21     0.00986     0.00792     0.00184     0.00010     0.00001     0.00000
2013     22     0.01321     0.01000     0.00301     0.00020     0.00001     0.00000
2013     23     0.01756     0.01249     0.00462     0.00043     0.00003     0.00000
2013     24     0.02343     0.01651     0.00609     0.00074     0.00007     0.00001
2013     25     0.03233     0.02253     0.00852     0.00118     0.00009     0.00001
2013     26     0.04361     0.03052     0.01136     0.00157     0.00015     0.00001
2013     27     0.06279     0.04434     0.01590     0.00232     0.00019     0.00004
2013     28     0.08410     0.05794     0.02276     0.00302     0.00031     0.00007
2013     29     0.10178     0.06614     0.03084     0.00438     0.00036     0.00005
2013     30     0.11620     0.06952     0.04036     0.00582     0.00042     0.00008
2013     31     0.12341     0.06634     0.04847     0.00788     0.00061     0.00011
2013     32     0.11670     0.05519     0.05111     0.00951     0.00076     0.00013
2013     33     0.10719     0.04471     0.04967     0.01154     0.00109     0.00017
2013     34     0.08949     0.03366     0.04289     0.01162     0.00112     0.00020
2013     35     0.07092     0.02415     0.03440     0.01094     0.00120     0.00022
2013     36     0.05184     0.01704     0.02429     0.00921     0.00111     0.00019
2013     37     0.03713     0.01136     0.01692     0.00747     0.00111     0.00027
2013     38     0.02548     0.00808     0.01093     0.00538     0.00084     0.00024
2013     39     0.01711     0.00550     0.00685     0.00391     0.00066     0.00019
2013     40     0.01094     0.00346     0.00427     0.00246     0.00057     0.00018
2013     41     0.00643     0.00200     0.00232     0.00158     0.00040     0.00013
2013     42     0.00383     0.00120     0.00132     0.00094     0.00027     0.00010
2013     43     0.00205     0.00066     0.00059     0.00058     0.00015     0.00007
2013     44     0.00091     0.00031     0.00024     0.00023     0.00008     0.00005
2013     45     0.00040     0.00012     0.00010     0.00011     0.00005     0.00002
2013     46     0.00015     0.00004     0.00004     0.00005     0.00001     0.00001
2013     47     0.00006     0.00000     0.00001     0.00002     0.00002     0.00000
2013     48     0.00004     0.00001     0.00000     0.00001     0.00001     0.00000
2013     49     0.00001     0.00001     0.00000     0.00000     0.00000     0.00000
2013     50     0.00002     0.00000     0.00000     0.00001     0.00000     0.00000
2013     51     0.00002     0.00000     0.00000     0.00001     0.00000     0.00000
2013     52     0.00001     0.00000     0.00000     0.00001     0.00000     0.00000
2013     53     0.00001     0.00000     0.00000     0.00000     0.00000     0.00000
2013     54     0.00000     0.00000     0.00000     0.00000     0.00000     0.00000
2013     55+    0.00000     0.00000     0.00000     0.00000     0.00000     0.00000
2014     12-    0.00000     0.00000     0.00000     0.00000     0.00000     0.00000
2014     13     0.00001     0.00001     0.00000     0.00000     0.00000     0.00000
2014     14     0.00007     0.00007     0.00000     0.00000     0.00000     0.00000
2014     15     0.00017     0.00016     0.00000     0.00000     0.00000     0.00000
2014     16     0.00058     0.00057     0.00001     0.00000     0.00000     0.00000
2014     17     0.00102     0.00095     0.00006     0.00000     0.00000     0.00000
2014     18     0.00186     0.00174     0.00012     0.00000     0.00000     0.00000
2014     19     0.00412     0.00379     0.00032     0.00001     0.00000     0.00000
2014     20     0.00672     0.00584     0.00081     0.00006     0.00000     0.00000
2014     21     0.00910     0.00733     0.00166     0.00011     0.00000     0.00000
2014     22     0.01230     0.00916     0.00286     0.00027     0.00001     0.00000
2014     23     0.01612     0.01147     0.00421     0.00042     0.00002     0.00000
2014     24     0.02251     0.01567     0.00609     0.00068     0.00006     0.00001
2014     25     0.03038     0.02105     0.00819     0.00103     0.00009     0.00002
2014     26     0.04302     0.02991     0.01152     0.00141     0.00017     0.00002
2014     27     0.06093     0.04324     0.01522     0.00222     0.00022     0.00003
2014     28     0.08124     0.05614     0.02162     0.00311     0.00032     0.00005
2014     29     0.10032     0.06579     0.03006     0.00411     0.00031     0.00005
2014     30     0.11824     0.07190     0.04002     0.00578     0.00048     0.00006
2014     31     0.12542     0.06932     0.04793     0.00746     0.00065     0.00005
2014     32     0.12227     0.05990     0.05230     0.00908     0.00084     0.00015
2014     33     0.10813     0.04728     0.04950     0.01028     0.00092     0.00014
2014     34     0.09379     0.03661     0.04452     0.01137     0.00113     0.00017
2014     35     0.07498     0.02703     0.03545     0.01097     0.00132     0.00021
2014     36     0.05717     0.01930     0.02692     0.00944     0.00126     0.00024
2014     37     0.03959     0.01298     0.01807     0.00731     0.00102     0.00022
2014     38     0.02786     0.00909     0.01217     0.00551     0.00089     0.00020
2014     39     0.01879     0.00623     0.00779     0.00387     0.00074     0.00016
2014     40     0.01202     0.00378     0.00486     0.00269     0.00053     0.00015
2014     41     0.00699     0.00236     0.00251     0.00160     0.00035     0.00016
2014     42     0.00414     0.00138     0.00141     0.00100     0.00025     0.00011
2014     43     0.00222     0.00075     0.00070     0.00055     0.00018     0.00005
2014     44     0.00104     0.00034     0.00028     0.00030     0.00007     0.00004
2014     45     0.00039     0.00011     0.00012     0.00011     0.00004     0.00001
2014     46     0.00017     0.00004     0.00005     0.00005     0.00002     0.00000
2014     47     0.00009     0.00001     0.00002     0.00003     0.00001     0.00000
2014     48     0.00003     0.00001     0.00001     0.00001     0.00001     0.00000
2014     49     0.00002     0.00001     0.00000     0.00000     0.00000     0.00000
2014     50     0.00002     0.00001     0.00001     0.00001     0.00000     0.00000
2014     51     0.00002     0.00001     0.00000     0.00001     0.00000     0.00000
2014     52     0.00001     0.00000     0.00000     0.00000     0.00000     0.00000
2014     53     0.00001     0.00000     0.00000     0.00000     0.00000     0.00000
2014     54     0.00000     0.00000     0.00000     0.00000     0.00000     0.00000
2014     55+    0.00000     0.00000     0.00000     0.00000     0.00000     0.00000
2015     12-    0.00000     0.00000     0.00000     0.00000     0.00000     0.00000
2015     13     0.00001     0.00001     0.00000     0.00000     0.00000     0.00000
2015     14     0.00005     0.00005     0.00000     0.00000     0.00000     0.00000
2015     15     0.00017     0.00017     0.00000     0.00000     0.00000     0.00000
2015     16     0.00048     0.00046     0.00001     0.00000     0.00000     0.00000
2015     17     0.00092     0.00088     0.00003     0.00000     0.00000     0.00000
2015     18     0.00143     0.00131     0.00012     0.00000     0.00000     0.00000
2015     19     0.00386     0.00353     0.00032     0.00002     0.00000     0.00000
2015     20     0.00585     0.00508     0.00070     0.00007     0.00000     0.00000
2015     21     0.00839     0.00665     0.00163     0.00010     0.00001     0.00000
2015     22     0.01153     0.00840     0.00288     0.00023     0.00002     0.00000
2015     23     0.01600     0.01133     0.00417     0.00045     0.00004     0.00001
2015     24     0.02118     0.01483     0.00565     0.00065     0.00005     0.00001
2015     25     0.02972     0.02074     0.00792     0.00095     0.00010     0.00001
2015     26     0.04153     0.02888     0.01085     0.00165     0.00013     0.00003
2015     27     0.05986     0.04199     0.01538     0.00228     0.00019     0.00002
2015     28     0.08202     0.05732     0.02143     0.00293     0.00026     0.00008
2015     29     0.10119     0.06776     0.02893     0.00405     0.00038     0.00007
2015     30     0.11760     0.07384     0.03803     0.00514     0.00050     0.00009
2015     31     0.12779     0.07282     0.04707     0.00724     0.00057     0.00009
2015     32     0.12660     0.06377     0.05340     0.00857     0.00073     0.00012
2015     33     0.11630     0.05225     0.05256     0.01039     0.00092     0.00017
2015     34     0.09660     0.03921     0.04555     0.01067     0.00097     0.00019
2015     35     0.08036     0.02991     0.03841     0.01070     0.00112     0.00022
2015     36     0.06210     0.02178     0.02924     0.00969     0.00118     0.00021
2015     37     0.04465     0.01505     0.02051     0.00771     0.00116     0.00022
2015     38     0.03121     0.01049     0.01378     0.00570     0.00103     0.00021
2015     39     0.02072     0.00709     0.00867     0.00399     0.00077     0.00019
2015     40     0.01313     0.00457     0.00518     0.00269     0.00052     0.00017
2015     41     0.00791     0.00284     0.00288     0.00165     0.00040     0.00014
2015     42     0.00446     0.00164     0.00155     0.00093     0.00025     0.00009
2015     43     0.00225     0.00085     0.00073     0.00048     0.00013     0.00006
2015     44     0.00114     0.00040     0.00033     0.00027     0.00008     0.00005
2015     45     0.00048     0.00014     0.00014     0.00011     0.00006     0.00003
2015     46     0.00018     0.00006     0.00006     0.00006     0.00001     0.00000
2015     47     0.00004     0.00001     0.00001     0.00001     0.00001     0.00000
2015     48     0.00002     0.00000     0.00000     0.00001     0.00000     0.00000
2015     49     0.00003     0.00001     0.00001     0.00001     0.00001     0.00000
2015     50     0.00002     0.00001     0.00000     0.00000     0.00000     0.00000
2015     51     0.00001     0.00000     0.00000     0.00000     0.00000     0.00000
2015     52     0.00001     0.00000     0.00000     0.00000     0.00000     0.00000
2015     53     0.00000     0.00000     0.00000     0.00000     0.00000     0.00000
2015     54     0.00000     0.00000     0.00000     0.00000     0.00000     0.00000
2015     55+    0.00000     0.00000     0.00000     0.00000     0.00000     0.00000
2016     12-    0.00000     0.00000     0.00000     0.00000     0.00000     0.00000
2016     13     0.00001     0.00001     0.00000     0.00000     0.00000     0.00000
2016     14     0.00005     0.00005     0.00000     0.00000     0.00000     0.00000
2016     15     0.00018     0.00018     0.00000     0.00000     0.00000     0.00000
2016     16     0.00039     0.00037     0.00001     0.00000     0.00000     0.00000
2016     17     0.00085     0.00081     0.00003     0.00000     0.00000     0.00000
2016     18     0.00147     0.00135     0.00011     0.00001     0.00000     0.00000
2016     19     0.00317     0.00290     0.00025     0.00003     0.00000     0.00000
2016     20     0.00557     0.00482     0.00071     0.00004     0.00000     0.00000
2016     21     0.00762     0.00600     0.00152     0.00009     0.00001     0.00000
2016     22     0.01026     0.00754     0.00251     0.00019     0.00002     0.00000
2016     23     0.01421     0.00993     0.00381     0.00042     0.00004     0.00001
2016     24     0.01954     0.01370     0.00519     0.00058     0.00006     0.00000
2016     25     0.02647     0.01820     0.00717     0.00101     0.00008     0.00000
2016     26     0.03857     0.02694     0.01003     0.00147     0.00012     0.00001
2016     27     0.05382     0.03854     0.01307     0.00199     0.00018     0.00002
2016     28     0.07367     0.05168     0.01878     0.00292     0.00024     0.00004
2016     29     0.09184     0.06100     0.02670     0.00380     0.00030     0.00004
2016     30     0.10873     0.06840     0.03478     0.00496     0.00047     0.00011
2016     31     0.11986     0.06949     0.04313     0.00660     0.00053     0.00011
2016     32     0.11928     0.06172     0.04859     0.00816     0.00070     0.00012
2016     33     0.11040     0.05142     0.04858     0.00944     0.00081     0.00014
2016     34     0.09593     0.04018     0.04454     0.01006     0.00096     0.00019
2016     35     0.07705     0.02951     0.03661     0.00977     0.00099     0.00018
2016     36     0.06182     0.02260     0.02889     0.00910     0.00104     0.00020
2016     37     0.04578     0.01591     0.02085     0.00766     0.00112     0.00025
2016     38     0.03203     0.01118     0.01413     0.00563     0.00088     0.00023
2016     39     0.02154     0.00749     0.00889     0.00419     0.00076     0.00021
2016     40     0.01395     0.00497     0.00553     0.00273     0.00054     0.00017
2016     41     0.00849     0.00312     0.00315     0.00167     0.00044     0.00010
2016     42     0.00473     0.00179     0.00166     0.00097     0.00022     0.00009
2016     43     0.00247     0.00089     0.00077     0.00056     0.00019     0.00007
2016     44     0.00119     0.00039     0.00039     0.00029     0.00008     0.00004
2016     45     0.00048     0.00016     0.00015     0.00013     0.00003     0.00001
2016     46     0.00022     0.00008     0.00005     0.00005     0.00002     0.00001
2016     47     0.00007     0.00002     0.00002     0.00002     0.00001     0.00000
2016     48     0.00003     0.00000     0.00001     0.00001     0.00001     0.00000
2016     49     0.00002     0.00002     0.00000     0.00000     0.00000     0.00000
2016     50     0.00001     0.00000     0.00000     0.00000     0.00000     0.00000
2016     51     0.00001     0.00000     0.00000     0.00000     0.00000     0.00000
2016     52     0.00000     0.00000     0.00000     0.00000     0.00000     0.00000
2016     53     0.00000     0.00000     0.00000     0.00000     0.00000     0.00000
2016     54     0.00000     0.00000     0.00000     0.00000     0.00000     0.00000
2016     55+    0.00000     0.00000     0.00000     0.00000     0.00000     0.00000
2017     12-    0.00000     0.00000     0.00000     0.00000     0.00000     0.00000
2017     13     0.00000     0.00000     0.00000     0.00000     0.00000     0.00000
2017     14     0.00002     0.00002     0.00000     0.00000     0.00000     0.00000
2017     15     0.00014     0.00014     0.00000     0.00000     0.00000     0.00000
2017     16     0.00043     0.00042     0.00001     0.00000     0.00000     0.00000
2017     17     0.00071     0.00068     0.00003     0.00000     0.00000     0.00000
2017     18     0.00109     0.00102     0.00007     0.00000     0.00000     0.00000
2017     19     0.00261     0.00239     0.00021     0.00002     0.00000     0.00000
2017     20     0.00458     0.00391     0.00059     0.00007     0.00001     0.00000
2017     21     0.00627     0.00492     0.00125     0.00010     0.00001     0.00000
2017     22     0.00890     0.00654     0.00210     0.00025     0.00002     0.00000
2017     23     0.01185     0.00836     0.00311     0.00035     0.00002     0.00000
2017     24     0.01598     0.01116     0.00417     0.00060     0.00005     0.00000
2017     25     0.02203     0.01495     0.00608     0.00089     0.00009     0.00001
2017     26     0.03218     0.02239     0.00835     0.00130     0.00010     0.00003
2017     27     0.04651     0.03246     0.01198     0.00188     0.00015     0.00003
2017     28     0.06378     0.04404     0.01701     0.00246     0.00024     0.00004
2017     29     0.07984     0.05297     0.02312     0.00337     0.00031     0.00007
2017     30     0.09389     0.05951     0.02961     0.00427     0.00043     0.00007
2017     31     0.10488     0.06104     0.03731     0.00583     0.00059     0.00012
2017     32     0.10615     0.05645     0.04190     0.00698     0.00069     0.00012
2017     33     0.09952     0.04775     0.04310     0.00778     0.00076     0.00013
2017     34     0.08742     0.03732     0.04021     0.00879     0.00092     0.00016
2017     35     0.07472     0.02969     0.03479     0.00905     0.00099     0.00021
2017     36     0.05714     0.02123     0.02667     0.00805     0.00104     0.00016
2017     37     0.04468     0.01631     0.02024     0.00691     0.00103     0.00017
2017     38     0.03248     0.01196     0.01401     0.00543     0.00088     0.00019
2017     39     0.02196     0.00830     0.00897     0.00380     0.00070     0.00019
2017     40     0.01424     0.00538     0.00561     0.00255     0.00054     0.00017
2017     41     0.00860     0.00339     0.00309     0.00164     0.00039     0.00009
2017     42     0.00496     0.00198     0.00171     0.00092     0.00025     0.00011
2017     43     0.00255     0.00108     0.00081     0.00046     0.00016     0.00004
2017     44     0.00113     0.00044     0.00032     0.00026     0.00007     0.00003
2017     45     0.00052     0.00020     0.00013     0.00013     0.00003     0.00003
2017     46     0.00019     0.00008     0.00006     0.00004     0.00002     0.00000
2017     47     0.00008     0.00004     0.00001     0.00001     0.00001     0.00001
2017     48     0.00002     0.00001     0.00001     0.00000     0.00000     0.00000
2017     49     0.00002     0.00001     0.00000     0.00001     0.00000     0.00000
2017     50     0.00001     0.00000     0.00000     0.00000     0.00000     0.00000
2017     51     0.00001     0.00000     0.00000     0.00000     0.00000     0.00000
2017     52     0.00000     0.00000     0.00000     0.00000     0.00000     0.00000
2017     53     0.00000     0.00000     0.00000     0.00000     0.00000     0.00000
2017     54     0.00000     0.00000     0.00000     0.00000     0.00000     0.00000
2017     55+    0.00000     0.00000     0.00000     0.00000     0.00000     0.00000
2018     12-    0.00000     0.00000     0.00000     0.00000     0.00000     0.00000
2018     13     0.00000     0.00000     0.00000     0.00000     0.00000     0.00000
2018     14     0.00003     0.00003     0.00000     0.00000     0.00000     0.00000
2018     15     0.00014     0.00014     0.00000     0.00000     0.00000     0.00000
2018     16     0.00031     0.00030     0.00001     0.00000     0.00000     0.00000
2018     17     0.00055     0.00052     0.00003     0.00000     0.00000     0.00000
2018     18     0.00090     0.00079     0.00010     0.00001     0.00000     0.00000
2018     19     0.00253     0.00229     0.00022     0.00002     0.00000     0.00000
2018     20     0.00419     0.00368     0.00048     0.00003     0.00000     0.00000
2018     21     0.00542     0.00435     0.00101     0.00006     0.00000     0.00000
2018     22     0.00764     0.00562     0.00183     0.00018     0.00001     0.00000
2018     23     0.01008     0.00706     0.00271     0.00030     0.00000     0.00001
2018     24     0.01339     0.00940     0.00348     0.00047     0.00003     0.00001
2018     25     0.01886     0.01295     0.00519     0.00067     0.00004     0.00001
2018     26     0.02667     0.01868     0.00697     0.00095     0.00004     0.00001
2018     27     0.03942     0.02795     0.00983     0.00153     0.00009     0.00003
2018     28     0.05454     0.03843     0.01410     0.00185     0.00014     0.00002
2018     29     0.06999     0.04731     0.01983     0.00262     0.00020     0.00003
2018     30     0.08617     0.05604     0.02639     0.00343     0.00025     0.00006
2018     31     0.09693     0.05926     0.03280     0.00453     0.00029     0.00006
2018     32     0.09958     0.05562     0.03790     0.00565     0.00036     0.00006
2018     33     0.09328     0.04704     0.03905     0.00669     0.00043     0.00008
2018     34     0.08368     0.03854     0.03751     0.00709     0.00048     0.00006
2018     35     0.07218     0.03101     0.03324     0.00730     0.00056     0.00008
2018     36     0.05863     0.02366     0.02682     0.00733     0.00067     0.00015
2018     37     0.04377     0.01712     0.01977     0.00614     0.00061     0.00014
2018     38     0.03223     0.01260     0.01372     0.00508     0.00063     0.00020
2018     39     0.02249     0.00890     0.00936     0.00361     0.00047     0.00016
2018     40     0.01494     0.00609     0.00558     0.00272     0.00043     0.00011
2018     41     0.00893     0.00362     0.00332     0.00152     0.00039     0.00008
2018     42     0.00522     0.00223     0.00169     0.00103     0.00020     0.00008
2018     43     0.00267     0.00115     0.00089     0.00048     0.00011     0.00005
2018     44     0.00129     0.00065     0.00031     0.00023     0.00007     0.00003
2018     45     0.00053     0.00023     0.00019     0.00007     0.00003     0.00002
2018     46     0.00022     0.00011     0.00005     0.00005     0.00001     0.00000
2018     47     0.00007     0.00004     0.00001     0.00001     0.00000     0.00000
2018     48     0.00004     0.00002     0.00001     0.00000     0.00001     0.00000
2018     49     0.00002     0.00001     0.00000     0.00000     0.00000     0.00000
2018     50     0.00002     0.00001     0.00001     0.00000     0.00000     0.00000
2018     51     0.00001     0.00000     0.00001     0.00000     0.00000     0.00000
2018     52     0.00001     0.00000     0.00000     0.00000     0.00000     0.00000
2018     53     0.00000     0.00000     0.00000     0.00000     0.00000     0.00000
2018     54     0.00000     0.00000     0.00000     0.00000     0.00000     0.00000
2018     55+    0.00000     0.00000     0.00000     0.00000     0.00000     0.00000
2019     12-    0.00000     0.00000     0.00000     0.00000     0.00000     0.00000
2019     13     0.00000     0.00000     0.00000     0.00000     0.00000     0.00000
2019     14     0.00004     0.00004     0.00000     0.00000     0.00000     0.00000
2019     15     0.00009     0.00009     0.00000     0.00000     0.00000     0.00000
2019     16     0.00023     0.00023     0.00000     0.00000     0.00000     0.00000
2019     17     0.00046     0.00045     0.00001     0.00000     0.00000     0.00000
2019     18     0.00087     0.00081     0.00006     0.00000     0.00000     0.00000
2019     19     0.00218     0.00207     0.00010     0.00001     0.00000     0.00000
2019     20     0.00357     0.00314     0.00042     0.00002     0.00000     0.00000
2019     21     0.00485     0.00405     0.00075     0.00004     0.00000     0.00000
2019     22     0.00645     0.00481     0.00144     0.00019     0.00001     0.00000
2019     23     0.00849     0.00600     0.00215     0.00031     0.00003     0.00000
2019     24     0.01169     0.00823     0.00303     0.00040     0.00004     0.00000
2019     25     0.01599     0.01091     0.00434     0.00067     0.00005     0.00002
2019     26     0.02279     0.01583     0.00593     0.00092     0.00009     0.00002
2019     27     0.03431     0.02468     0.00825     0.00120     0.00015     0.00003
2019     28     0.04729     0.03333     0.01208     0.00169     0.00015     0.00003
2019     29     0.06132     0.04215     0.01675     0.00211     0.00026     0.00004
2019     30     0.07539     0.04988     0.02224     0.00295     0.00025     0.00006
2019     31     0.09078     0.05712     0.02924     0.00400     0.00037     0.00005
2019     32     0.09475     0.05490     0.03425     0.00503     0.00049     0.00009
2019     33     0.09031     0.04803     0.03597     0.00560     0.00058     0.00013
2019     34     0.08191     0.03976     0.03510     0.00631     0.00060     0.00013
2019     35     0.07104     0.03189     0.03170     0.00669     0.00065     0.00010
2019     36     0.05828     0.02463     0.02623     0.00650     0.00077     0.00013
2019     37     0.04398     0.01813     0.01920     0.00577     0.00073     0.00014
2019     38     0.03203     0.01296     0.01375     0.00457     0.00062     0.00013
2019     39     0.02358     0.00981     0.00964     0.00344     0.00055     0.00013
2019     40     0.01561     0.00658     0.00598     0.00242     0.00051     0.00012
2019     41     0.00977     0.00443     0.00333     0.00154     0.00035     0.00012
2019     42     0.00553     0.00251     0.00181     0.00093     0.00020     0.00007
2019     43     0.00302     0.00145     0.00086     0.00053     0.00011     0.00007
2019     44     0.00146     0.00065     0.00046     0.00027     0.00005     0.00003
2019     45     0.00054     0.00023     0.00017     0.00009     0.00003     0.00002
2019     46     0.00023     0.00009     0.00005     0.00006     0.00002     0.00001
2019     47     0.00009     0.00004     0.00002     0.00002     0.00001     0.00000
2019     48     0.00004     0.00002     0.00001     0.00001     0.00000     0.00000
2019     49     0.00001     0.00001     0.00000     0.00000     0.00000     0.00000
2019     50     0.00002     0.00001     0.00000     0.00000     0.00000     0.00000
2019     51     0.00001     0.00001     0.00000     0.00000     0.00000     0.00000
2019     52     0.00001     0.00000     0.00000     0.00000     0.00000     0.00000
2019     53     0.00000     0.00000     0.00000     0.00000     0.00000     0.00000
2019     54     0.00000     0.00000     0.00000     0.00000     0.00000     0.00000
2019     55+    0.00000     0.00000     0.00000     0.00000     0.00000     0.00000
2020     12-    0.00000     0.00000     0.00000     0.00000     0.00000     0.00000
2020     13     0.00001     0.00001     0.00000     0.00000     0.00000     0.00000
2020     14     0.00004     0.00004     0.00000     0.00000     0.00000     0.00000
2020     15     0.00007     0.00007     0.00000     0.00000     0.00000     0.00000
2020     16     0.00018     0.00017     0.00001     0.00000     0.00000     0.00000
2020     17     0.00036     0.00034     0.00003     0.00000     0.00000     0.00000
2020     18     0.00063     0.00058     0.00005     0.00000     0.00000     0.00000
2020     19     0.00211     0.00195     0.00014     0.00002     0.00000     0.00000
2020     20     0.00328     0.00292     0.00035     0.00002     0.00000     0.00000
2020     21     0.00446     0.00365     0.00072     0.00007     0.00001     0.00000
2020     22     0.00556     0.00426     0.00115     0.00014     0.00001     0.00000
2020     23     0.00707     0.00511     0.00174     0.00021     0.00001     0.00000
2020     24     0.00996     0.00706     0.00250     0.00035     0.00004     0.00001
2020     25     0.01376     0.00960     0.00358     0.00053     0.00004     0.00001
2020     26     0.01912     0.01333     0.00494     0.00076     0.00008     0.00001
2020     27     0.02807     0.02000     0.00687     0.00106     0.00011     0.00002
2020     28     0.04032     0.02866     0.01006     0.00144     0.00013     0.00003
2020     29     0.05356     0.03724     0.01416     0.00194     0.00019     0.00003
2020     30     0.06745     0.04536     0.01915     0.00264     0.00026     0.00005
2020     31     0.08090     0.05191     0.02514     0.00346     0.00034     0.00006
2020     32     0.08594     0.05153     0.02971     0.00415     0.00045     0.00010
2020     33     0.08341     0.04543     0.03228     0.00511     0.00053     0.00007
2020     34     0.07702     0.03889     0.03163     0.00572     0.00066     0.00012
2020     35     0.06676     0.03116     0.02902     0.00583     0.00061     0.00014
2020     36     0.05434     0.02377     0.02412     0.00569     0.00065     0.00011
2020     37     0.04260     0.01760     0.01890     0.00531     0.00064     0.00015
2020     38     0.03254     0.01360     0.01382     0.00435     0.00062     0.00015
2020     39     0.02251     0.00940     0.00922     0.00318     0.00059     0.00013
2020     40     0.01542     0.00670     0.00595     0.00224     0.00044     0.00009
2020     41     0.00978     0.00435     0.00358     0.00145     0.00028     0.00011
2020     42     0.00550     0.00239     0.00184     0.00093     0.00026     0.00008
2020     43     0.00289     0.00134     0.00087     0.00049     0.00015     0.00004
2020     44     0.00119     0.00057     0.00034     0.00019     0.00007     0.00002
2020     45     0.00056     0.00026     0.00016     0.00009     0.00004     0.00001
2020     46     0.00018     0.00008     0.00004     0.00004     0.00002     0.00000
2020     47     0.00005     0.00001     0.00002     0.00001     0.00000     0.00000
2020     48     0.00002     0.00001     0.00001     0.00000     0.00000     0.00000
2020     49     0.00002     0.00001     0.00000     0.00000     0.00000     0.00000
2020     50     0.00000     0.00000     0.00000     0.00000     0.00000     0.00000
2020     51     0.00000     0.00000     0.00000     0.00000     0.00000     0.00000
2020     52     0.00000     0.00000     0.00000     0.00000     0.00000     0.00000
2020     53     0.00000     0.00000     0.00000     0.00000     0.00000     0.00000
2020     54     0.00000     0.00000     0.00000     0.00000     0.00000     0.00000
2020     55+    0.00000     0.00000     0.00000     0.00000     0.00000     0.00000
2021     12-    0.00000     0.00000     0.00000     0.00000     0.00000     0.00000
2021     13     0.00000     0.00000     0.00000     0.00000     0.00000     0.00000
2021     14     0.00003     0.00003     0.00000     0.00000     0.00000     0.00000
2021     15     0.00006     0.00006     0.00000     0.00000     0.00000     0.00000
2021     16     0.00012     0.00011     0.00000     0.00000     0.00000     0.00000
2021     17     0.00024     0.00023     0.00001     0.00000     0.00000     0.00000
2021     18     0.00040     0.00036     0.00004     0.00000     0.00000     0.00000
2021     19     0.00121     0.00111     0.00010     0.00000     0.00000     0.00000
2021     20     0.00267     0.00226     0.00036     0.00004     0.00001     0.00000
2021     21     0.00351     0.00272     0.00071     0.00007     0.00001     0.00000
2021     22     0.00444     0.00314     0.00118     0.00012     0.00001     0.00000
2021     23     0.00613     0.00404     0.00179     0.00027     0.00004     0.00000
2021     24     0.00784     0.00529     0.00220     0.00029     0.00005     0.00000
2021     25     0.01141     0.00763     0.00316     0.00051     0.00009     0.00001
2021     26     0.01601     0.01074     0.00441     0.00077     0.00008     0.00002
2021     27     0.02410     0.01672     0.00615     0.00108     0.00014     0.00002
2021     28     0.03598     0.02536     0.00903     0.00134     0.00020     0.00005
2021     29     0.04916     0.03380     0.01299     0.00204     0.00027     0.00007
2021     30     0.06223     0.04206     0.01739     0.00239     0.00030     0.00008
2021     31     0.07495     0.04842     0.02289     0.00321     0.00036     0.00007
2021     32     0.08265     0.05038     0.02771     0.00402     0.00047     0.00007
2021     33     0.08385     0.04649     0.03147     0.00512     0.00066     0.00011
2021     34     0.07858     0.04072     0.03135     0.00563     0.00072     0.00017
2021     35     0.06795     0.03161     0.02947     0.00603     0.00068     0.00016
2021     36     0.05705     0.02463     0.02548     0.00597     0.00080     0.00017
2021     37     0.04383     0.01792     0.01975     0.00529     0.00069     0.00018
2021     38     0.03336     0.01334     0.01463     0.00453     0.00069     0.00016
2021     39     0.02370     0.00933     0.00993     0.00361     0.00063     0.00019
2021     40     0.01556     0.00630     0.00622     0.00234     0.00054     0.00016
2021     41     0.01057     0.00430     0.00411     0.00170     0.00034     0.00012
2021     42     0.00584     0.00242     0.00220     0.00089     0.00023     0.00010
2021     43     0.00326     0.00151     0.00100     0.00054     0.00015     0.00005
2021     44     0.00141     0.00067     0.00040     0.00024     0.00007     0.00003
2021     45     0.00059     0.00029     0.00016     0.00009     0.00005     0.00001
2021     46     0.00020     0.00011     0.00005     0.00003     0.00001     0.00000
2021     47     0.00008     0.00003     0.00002     0.00002     0.00000     0.00000
2021     48     0.00005     0.00003     0.00001     0.00000     0.00000     0.00000
2021     49     0.00001     0.00000     0.00000     0.00000     0.00000     0.00000
2021     50     0.00001     0.00001     0.00000     0.00000     0.00000     0.00000
2021     51     0.00001     0.00000     0.00000     0.00000     0.00000     0.00000
2021     52     0.00000     0.00000     0.00000     0.00000     0.00000     0.00000
2021     53     0.00000     0.00000     0.00000     0.00000     0.00000     0.00000
2021     54     0.00000     0.00000     0.00000     0.00000     0.00000     0.00000
2021     55+    0.00000     0.00000     0.00000     0.00000     0.00000     0.00000
2022     12-    0.00000     0.00000     0.00000     0.00000     0.00000     0.00000
2022     13     0.00001     0.00001     0.00000     0.00000     0.00000     0.00000
2022     14     0.00004     0.00004     0.00000     0.00000     0.00000     0.00000
2022     15     0.00004     0.00004     0.00000     0.00000     0.00000     0.00000
2022     16     0.00013     0.00013     0.00000     0.00000     0.00000     0.00000
2022     17     0.00032     0.00030     0.00002     0.00000     0.00000     0.00000
2022     18     0.00037     0.00034     0.00004     0.00000     0.00000     0.00000
2022     19     0.00093     0.00082     0.00008     0.00003     0.00000     0.00000
2022     20     0.00167     0.00140     0.00023     0.00004     0.00000     0.00000
2022     21     0.00269     0.00196     0.00065     0.00008     0.00001     0.00000
2022     22     0.00362     0.00249     0.00102     0.00009     0.00001     0.00000
2022     23     0.00507     0.00348     0.00140     0.00016     0.00003     0.00000
2022     24     0.00697     0.00459     0.00199     0.00034     0.00005     0.00001
2022     25     0.00967     0.00659     0.00254     0.00046     0.00005     0.00003
2022     26     0.01414     0.00983     0.00360     0.00060     0.00008     0.00003
2022     27     0.02143     0.01515     0.00529     0.00083     0.00013     0.00003
2022     28     0.03098     0.02226     0.00731     0.00118     0.00018     0.00005
2022     29     0.04315     0.03055     0.01087     0.00149     0.00018     0.00006
2022     30     0.05860     0.04094     0.01503     0.00227     0.00027     0.00009
2022     31     0.07251     0.04883     0.02035     0.00294     0.00030     0.00008
2022     32     0.08146     0.05200     0.02547     0.00344     0.00044     0.00012
2022     33     0.08045     0.04784     0.02764     0.00432     0.00056     0.00010
2022     34     0.07746     0.04233     0.02968     0.00472     0.00057     0.00016
2022     35     0.06909     0.03452     0.02815     0.00553     0.00071     0.00018
2022     36     0.05633     0.02631     0.02394     0.00528     0.00062     0.00018
2022     37     0.04407     0.01957     0.01876     0.00487     0.00075     0.00013
2022     38     0.03339     0.01434     0.01393     0.00426     0.00068     0.00019
2022     39     0.02446     0.01058     0.00986     0.00326     0.00060     0.00017
2022     40     0.01699     0.00731     0.00673     0.00240     0.00042     0.00013
2022     41     0.01064     0.00461     0.00396     0.00166     0.00032     0.00010
2022     42     0.00629     0.00278     0.00226     0.00090     0.00026     0.00008
2022     43     0.00339     0.00165     0.00106     0.00050     0.00013     0.00005
2022     44     0.00161     0.00082     0.00046     0.00025     0.00003     0.00004
2022     45     0.00060     0.00031     0.00015     0.00008     0.00003     0.00002
2022     46     0.00024     0.00010     0.00007     0.00004     0.00001     0.00001
2022     47     0.00009     0.00004     0.00003     0.00000     0.00001     0.00000
2022     48     0.00002     0.00001     0.00000     0.00001     0.00000     0.00000
2022     49     0.00001     0.00000     0.00000     0.00000     0.00000     0.00000
2022     50     0.00001     0.00000     0.00000     0.00000     0.00000     0.00000
2022     51     0.00000     0.00000     0.00000     0.00000     0.00000     0.00000
2022     52     0.00000     0.00000     0.00000     0.00000     0.00000     0.00000
2022     53     0.00000     0.00000     0.00000     0.00000     0.00000     0.00000
2022     54     0.00000     0.00000     0.00000     0.00000     0.00000     0.00000
2022     55+    0.00000     0.00000     0.00000     0.00000     0.00000     0.00000
2023     12-    0.00000     0.00000     0.00000     0.00000     0.00000     0.00000
2023     13     0.00000     0.00000     0.00000     0.00000     0.00000     0.00000
2023     14     0.00002     0.00002     0.00000     0.00000     0.00000     0.00000
2023     15     0.00006     0.00006     0.00000     0.00000     0.00000     0.00000
2023     16     0.00009     0.00009     0.00000     0.00000     0.00000     0.00000
2023     17     0.00027     0.00025     0.00001     0.00000     0.00000     0.00000
2023     18     0.00040     0.00037     0.00001     0.00000     0.00000     0.00000
2023     19     0.00092     0.00087     0.00005     0.00000     0.00000     0.00000
2023     20     0.00141     0.00121     0.00019     0.00001     0.00000     0.00000
2023     21     0.00259     0.00212     0.00042     0.00004     0.00000     0.00000
2023     22     0.00356     0.00264     0.00080     0.00009     0.00002     0.00000
2023     23     0.00460     0.00321     0.00123     0.00014     0.00001     0.00001
2023     24     0.00627     0.00455     0.00139     0.00029     0.00002     0.00001
2023     25     0.00878     0.00621     0.00211     0.00041     0.00004     0.00000
2023     26     0.01251     0.00899     0.00291     0.00051     0.00009     0.00002
2023     27     0.01896     0.01370     0.00443     0.00067     0.00011     0.00004
2023     28     0.02770     0.02028     0.00614     0.00105     0.00019     0.00003
2023     29     0.03823     0.02753     0.00916     0.00130     0.00020     0.00004
2023     30     0.05026     0.03583     0.01237     0.00179     0.00020     0.00007
2023     31     0.06373     0.04408     0.01700     0.00228     0.00030     0.00007
2023     32     0.07341     0.04887     0.02117     0.00291     0.00038     0.00008
2023     33     0.07563     0.04652     0.02506     0.00347     0.00048     0.00011
2023     34     0.07208     0.04174     0.02556     0.00415     0.00053     0.00010
2023     35     0.06552     0.03470     0.02573     0.00431     0.00063     0.00015
2023     36     0.05499     0.02682     0.02272     0.00456     0.00070     0.00019
2023     37     0.04219     0.01961     0.01766     0.00415     0.00060     0.00017
2023     38     0.03326     0.01496     0.01377     0.00379     0.00061     0.00013
2023     39     0.02370     0.01060     0.00961     0.00281     0.00054     0.00015
2023     40     0.01693     0.00758     0.00645     0.00227     0.00047     0.00016
2023     41     0.01089     0.00497     0.00399     0.00149     0.00034     0.00010
2023     42     0.00646     0.00296     0.00228     0.00092     0.00021     0.00009
2023     43     0.00347     0.00167     0.00109     0.00053     0.00014     0.00005
2023     44     0.00170     0.00084     0.00047     0.00027     0.00008     0.00004
2023     45     0.00064     0.00034     0.00016     0.00009     0.00004     0.00001
2023     46     0.00023     0.00008     0.00007     0.00005     0.00001     0.00001
2023     47     0.00010     0.00005     0.00003     0.00002     0.00000     0.00000
2023     48     0.00004     0.00002     0.00000     0.00001     0.00001     0.00000
2023     49     0.00001     0.00000     0.00000     0.00000     0.00000     0.00000
2023     50     0.00001     0.00000     0.00000     0.00000     0.00000     0.00000
2023     51     0.00001     0.00000     0.00000     0.00000     0.00000     0.00000
2023     52     0.00000     0.00000     0.00000     0.00000     0.00000     0.00000
2023     53     0.00000     0.00000     0.00000     0.00000     0.00000     0.00000
2023     54     0.00000     0.00000     0.00000     0.00000     0.00000     0.00000
2023     55+    0.00000     0.00000     0.00000     0.00000     0.00000     0.00000
